  0.000000  0.000000
  0.006640 -0.008710
  0.009330 -0.010400
  0.014590 -0.012910
  0.027430 -0.017160
  0.052730 -0.022800
  0.077820 -0.026850
  0.102820 -0.029950
  0.152650 -0.034460
  0.202350 -0.037450
  0.252000 -0.039190
  0.301600 -0.039840
  0.351118 -0.039390
  0.400760 -0.037780
  0.450350 -0.035140
  0.500000 -0.031640
  0.549690 -0.027450
  0.599430 -0.022780
  0.649240 -0.017990
  0.699130 -0.012650
  0.749110 -0.007640
  0.799160 -0.003080
  0.849300  0.000740
  0.899510  0.003290
  0.949770  0.003300
  1.000000  0.000000
