 0.000000  0.000000
  0.003360  0.010710
  0.005670  0.013200
  0.010410  0.017190
  0.022570  0.024600
  0.047270  0.035440
  0.072180  0.043790
  0.097180  0.050630
  0.147350  0.061380
  0.197650  0.069290
  0.248000  0.074990
  0.298400  0.078720
  0.348820  0.080590
  0.399240  0.080620
  0.449640  0.078940
  0.500000  0.075670
  0.550310  0.071250
  0.600570  0.065620
  0.650760  0.058990
  0.700870  0.051530
  0.750890  0.043440
  0.800840  0.034920
  0.850700  0.026180
  0.900490  0.017390
  0.950230  0.008810
  1.000000  0.000000